run_id,loop,T,ts,stats_start_step,estimator,solver,RMSE,max_norm_err,MHE_scheme,MHE_horizon,mean_solver_time,median_solver_time,std_solver_time,min_solver_time,max_solver_time
51c9ba33,1,5.0,0.01,0,EKF,,6.276304461077261,6.470182409563758,,,0.13871616758257452,0.1387161675825745,2.7755575615628914e-17,0.1387161675825745,0.1387161675825745
51c9ba33,1,5.0,0.01,0,MHE (OSQP),osqp,0.47650203563492494,6.470182409563758,"single-shooting, smoothing",10,2.908880861908304,2.902449981775135,0.046908543221627734,2.8081999626010656,3.0664000078104436
51c9ba33,1,5.0,0.01,0,MHE (PCIP),iterative-cg1,0.3100467551668756,6.470182409563758,"single-shooting, smoothing",10,0.9911242555430595,0.9821999992709607,0.07863912016470151,0.8002999820746481,1.2177000171504915
51c9ba33,1,5.0,0.01,0,MHE (PCIP+L1AO),iterative-cg1,0.2419394010674452,6.470182409563758,"single-shooting, smoothing",10,1.0053052737393302,0.9931999957188964,0.06954356560872833,0.819200009573251,1.2098000152036548
51c9ba33,2,5.0,0.01,0,EKF,,6.321108490506844,7.364548327783011,,,0.13666407183322038,0.13666407183322038,0.0,0.13666407183322038,0.13666407183322038
51c9ba33,2,5.0,0.01,0,MHE (OSQP),osqp,0.4285847476584095,7.364548327783011,"single-shooting, smoothing",10,2.8805531035498557,2.8745000017806888,0.03355874438468293,2.821900008711964,2.9826000100001693
51c9ba33,2,5.0,0.01,0,MHE (PCIP),iterative-cg1,0.3928095756956509,7.364548327783011,"single-shooting, smoothing",10,0.988157684424598,0.9734000195749104,0.07854324017097393,0.8105000015348196,1.2116999714635313
51c9ba33,2,5.0,0.01,0,MHE (PCIP+L1AO),iterative-cg1,0.32847146785693787,7.364548327783011,"single-shooting, smoothing",10,1.0169872380383935,1.0043500224128366,0.07729595235038383,0.8433000184595585,1.2371999910101295
51c9ba33,3,5.0,0.01,0,EKF,,6.292087759233595,6.649253372723914,,,0.13658303398910368,0.13658303398910368,0.0,0.13658303398910368,0.13658303398910368
51c9ba33,3,5.0,0.01,0,MHE (OSQP),osqp,0.3411257539744071,6.440757537113256,"single-shooting, smoothing",10,2.910757406897136,2.8953000146429986,0.05699565941697075,2.772199979517609,3.098099958151579
51c9ba33,3,5.0,0.01,0,MHE (PCIP),iterative-cg1,0.30258652455576573,6.440757537113256,"single-shooting, smoothing",10,1.0179721858083506,0.9909000364132226,0.10908738645767382,0.7068999693728983,1.3543000095523894
51c9ba33,3,5.0,0.01,0,MHE (PCIP+L1AO),iterative-cg1,0.25460969044250326,6.440757537113256,"single-shooting, smoothing",10,1.021796989414881,1.0118000209331512,0.08943150973705306,0.7933999877423048,1.2759999954141676
51c9ba33,4,5.0,0.01,0,EKF,,nan,nan,,,0.14078802396143655,0.14078802396143655,0.0,0.14078802396143655,0.14078802396143655
51c9ba33,4,5.0,0.01,0,MHE (OSQP),osqp,nan,nan,"single-shooting, smoothing",10,2.849131245360089,2.934899996034801,1.0107659774378723,0.4856999730691314,5.668399971909821
51c9ba33,4,5.0,0.01,0,MHE (PCIP),iterative-cg1,nan,nan,"single-shooting, smoothing",10,1.927715272148337,1.9066500244662166,0.11386971555905176,1.7303000204265118,2.2750000352971256
51c9ba33,4,5.0,0.01,0,MHE (PCIP+L1AO),iterative-cg1,nan,nan,"single-shooting, smoothing",10,3.0486211014578757,3.034900000784546,0.10769482124087867,2.8164999675936997,3.3552999957464635
51c9ba33,5,5.0,0.01,0,EKF,,6.282289587889058,6.577774868075194,,,0.13710319356409137,0.13710319356409137,0.0,0.13710319356409137,0.13710319356409137
51c9ba33,5,5.0,0.01,0,MHE (OSQP),osqp,0.4393224734559479,6.577774868075194,"single-shooting, smoothing",10,2.883217875353074,2.873999997973442,0.0415374283639491,2.8036999865435064,3.012599947396666
51c9ba33,5,5.0,0.01,0,MHE (PCIP),iterative-cg1,0.38329488303841314,6.577774868075194,"single-shooting, smoothing",10,0.9911723780930362,0.9833999793045223,0.06703094770840475,0.8208000217564404,1.180299965199083
51c9ba33,5,5.0,0.01,0,MHE (PCIP+L1AO),iterative-cg1,0.37273590993949085,6.577774868075194,"single-shooting, smoothing",10,1.0587217207367141,1.0376999853178859,0.11456039315377382,0.7611000328324735,1.3886999804526567
51c9ba33,6,5.0,0.01,0,EKF,,6.299421017058511,7.161487460978398,,,0.1374419162583402,0.13744191625834018,2.7755575615628914e-17,0.13744191625834018,0.13744191625834018
51c9ba33,6,5.0,0.01,0,MHE (OSQP),osqp,0.3014256209000058,7.161487460978398,"single-shooting, smoothing",10,2.9348734128015006,2.9195999959483743,0.06605995153721321,2.7449000044725835,3.137200023047626
51c9ba33,6,5.0,0.01,0,MHE (PCIP),iterative-cg1,0.4248546002323289,7.161487460978398,"single-shooting, smoothing",10,1.0352685231898913,1.0215999791398644,0.09534899223305149,0.8447000291198492,1.3042999780736864
51c9ba33,6,5.0,0.01,0,MHE (PCIP+L1AO),iterative-cg1,0.38429329400552814,7.161487460978398,"single-shooting, smoothing",10,1.0320463691167454,1.0225499863736331,0.07355804568020989,0.8549999911338091,1.256899966392666
51c9ba33,7,5.0,0.01,0,EKF,,6.266793540391533,6.4263456450156875,,,0.13877604792950432,0.13877604792950426,5.551115123125783e-17,0.13877604792950426,0.13877604792950426
51c9ba33,7,5.0,0.01,0,MHE (OSQP),osqp,0.3235231193066593,6.4263456450156875,"single-shooting, smoothing",10,2.911765338576004,2.8957000467926264,0.06113528911010681,2.764000033494085,3.1009999802336097
51c9ba33,7,5.0,0.01,0,MHE (PCIP),iterative-cg1,0.31768268580131076,6.4263456450156875,"single-shooting, smoothing",10,1.050708824626812,1.0264500160701573,0.12150944738630358,0.8005999843589962,1.3721000286750495
51c9ba33,7,5.0,0.01,0,MHE (PCIP+L1AO),iterative-cg1,0.2983502070106263,6.4263456450156875,"single-shooting, smoothing",10,1.0395957159757918,1.0249000042676926,0.0900551064918085,0.8483999990858138,1.2997000012546778
51c9ba33,8,5.0,0.01,0,EKF,,6.274825826204366,6.357341423046877,,,0.13907345306005572,0.13907345306005575,2.7755575615628914e-17,0.13907345306005575,0.13907345306005575
51c9ba33,8,5.0,0.01,0,MHE (OSQP),osqp,0.2918184923318325,6.211212578393946,"single-shooting, smoothing",10,2.9116860422778883,2.905000001192093,0.039589644201112245,2.8381000156514347,3.0402999836951494
51c9ba33,8,5.0,0.01,0,MHE (PCIP),iterative-cg1,0.31755516387119587,6.211212578393946,"single-shooting, smoothing",10,1.0217947139154655,1.0115000186488032,0.08653516269007719,0.8501000120304525,1.267799991182983
51c9ba33,8,5.0,0.01,0,MHE (PCIP+L1AO),iterative-cg1,0.33551641052139297,6.211212578393946,"single-shooting, smoothing",10,1.0274904876077118,1.0196000221185386,0.06992465388733689,0.8343000081367791,1.2237000046297908
51c9ba33,9,5.0,0.01,0,EKF,,nan,nan,,,0.13792834339009044,0.13792834339009044,0.0,0.13792834339009044,0.13792834339009044
51c9ba33,9,5.0,0.01,0,MHE (OSQP),osqp,nan,nan,"single-shooting, smoothing",10,3.042373467683412,2.9734999989159405,0.9811307690031502,0.8421000093221664,5.961199989542365
51c9ba33,9,5.0,0.01,0,MHE (PCIP),iterative-cg1,nan,nan,"single-shooting, smoothing",10,1.9831765966267538,1.9555999897420406,0.12975634368163302,1.721800013910979,2.3607999901287258
51c9ba33,9,5.0,0.01,0,MHE (PCIP+L1AO),iterative-cg1,nan,nan,"single-shooting, smoothing",10,3.0967219531104515,3.0699500057380646,0.13960263174328766,2.8539999620988965,3.4866000059992075
51c9ba33,10,5.0,0.01,0,EKF,,12085.52440232725,26608.56506652163,,,0.13969161667621244,0.13969161667621244,0.0,0.13969161667621244,0.13969161667621244
51c9ba33,10,5.0,0.01,0,MHE (OSQP),osqp,nan,nan,"single-shooting, smoothing",10,2.758007700322196,2.760850009508431,1.9801304241061197,0.19150000298395753,8.513099979609251
51c9ba33,10,5.0,0.01,0,MHE (PCIP),iterative-cg1,nan,nan,"single-shooting, smoothing",10,1.8646297218602081,1.8528999935369939,0.0842895495193263,1.670299971010536,2.110400004312396
51c9ba33,10,5.0,0.01,0,MHE (PCIP+L1AO),iterative-cg1,nan,nan,"single-shooting, smoothing",10,2.985382496018624,2.9718000441789627,0.09069907834887095,2.8185999835841358,3.2437999616377056
51c9ba33,11,5.0,0.01,0,EKF,,nan,nan,,,0.1407718562898403,0.14077185628984026,2.7755575615628914e-17,0.14077185628984026,0.14077185628984026
51c9ba33,11,5.0,0.01,0,MHE (OSQP),osqp,nan,nan,"single-shooting, smoothing",10,3.3525724128563086,3.009800042491406,1.0869466175091518,0.7252999930642545,6.1369999893940985
51c9ba33,11,5.0,0.01,0,MHE (PCIP),iterative-cg1,nan,nan,"single-shooting, smoothing",10,1.9015797787640047,1.887399994302541,0.09781587879260478,1.563900033943355,2.2060999763198197
51c9ba33,11,5.0,0.01,0,MHE (PCIP+L1AO),iterative-cg1,nan,nan,"single-shooting, smoothing",10,3.000450790951666,2.9903000104241073,0.08671225432622202,2.8397999703884125,3.2606000313535333
51c9ba33,12,5.0,0.01,0,EKF,,6.295347007029701,6.716469663716588,,,0.1383614770514136,0.13836147705141358,2.7755575615628914e-17,0.13836147705141358,0.13836147705141358
51c9ba33,12,5.0,0.01,0,MHE (OSQP),osqp,2.4196315590793636,7.115722951024017,"single-shooting, smoothing",10,3.071203686094152,2.9341000481508672,0.3617372960859867,2.12020002072677,4.3394999811425805
51c9ba33,12,5.0,0.01,0,MHE (PCIP),iterative-cg1,1.470588088433514,6.716469663716588,"single-shooting, smoothing",10,0.9728213823429724,0.9667999693192542,0.06369744757637967,0.7971000159159303,1.165199966635555
51c9ba33,12,5.0,0.01,0,MHE (PCIP+L1AO),iterative-cg1,0.29624102283436865,6.716469663716588,"single-shooting, smoothing",10,1.0082458939991499,0.9960999595932662,0.07324125259392178,0.8604000322520733,1.2218999909237027
51c9ba33,13,5.0,0.01,0,EKF,,6.2679491931525755,6.788718433133239,,,0.13767944104196186,0.13767944104196186,0.0,0.13767944104196186,0.13767944104196186
51c9ba33,13,5.0,0.01,0,MHE (OSQP),osqp,0.9424048416851536,6.788718433133239,"single-shooting, smoothing",10,2.9687667418014607,2.9575999942608178,0.05156449427393105,2.8578999917954206,3.13220004318282
51c9ba33,13,5.0,0.01,0,MHE (PCIP),iterative-cg1,0.4441073315751877,6.788718433133239,"single-shooting, smoothing",10,0.9909911575040927,0.986300001386553,0.06216068797262197,0.8220000308938324,1.1622000019997358
51c9ba33,13,5.0,0.01,0,MHE (PCIP+L1AO),iterative-cg1,0.39121525055581674,6.788718433133239,"single-shooting, smoothing",10,1.0269324776057838,1.0220499825663865,0.06525089562223345,0.8619999862276018,1.208700006827712
51c9ba33,14,5.0,0.01,0,EKF,,6.304515277274509,6.859982867959855,,,0.13655389228300324,0.1365538922830033,5.551115123125783e-17,0.1365538922830033,0.1365538922830033
51c9ba33,14,5.0,0.01,0,MHE (OSQP),osqp,0.34905221261021124,6.629427759361246,"single-shooting, smoothing",10,2.8785370870169795,2.8692999912891537,0.04326656449133405,2.762699965387583,3.0177999869920313
51c9ba33,14,5.0,0.01,0,MHE (PCIP),iterative-cg1,0.33905598169231366,6.629427759361246,"single-shooting, smoothing",10,0.9859457623876505,0.9745499992277473,0.06811038365258897,0.7991999736987054,1.1867000139318407
51c9ba33,14,5.0,0.01,0,MHE (PCIP+L1AO),iterative-cg1,0.27303483115886606,6.629427759361246,"single-shooting, smoothing",10,1.0242741078285402,1.0154000483453274,0.08208369193983787,0.7920999778434634,1.255700015462935
51c9ba33,15,5.0,0.01,0,EKF,,6.289674407577785,6.764949406102528,,,0.13877824355500515,0.13877824355500515,0.0,0.13877824355500515,0.13877824355500515
51c9ba33,15,5.0,0.01,0,MHE (OSQP),osqp,0.29407389593740085,6.764949406102528,"single-shooting, smoothing",10,2.9106835191934586,2.8993000159971416,0.05317834910998912,2.750699990428984,3.0654000001959503
51c9ba33,15,5.0,0.01,0,MHE (PCIP),iterative-cg1,0.32363607391805355,6.764949406102528,"single-shooting, smoothing",10,0.9902506328201637,0.9809500188566744,0.06853381581828717,0.831299985293299,1.1842999956570566
51c9ba33,15,5.0,0.01,0,MHE (PCIP+L1AO),iterative-cg1,0.29004019620139565,6.764949406102528,"single-shooting, smoothing",10,1.029616316525211,1.0266999888699502,0.09496496864517431,0.8049000171013176,1.2860999559052289
51c9ba33,16,5.0,0.01,0,EKF,,6.278765889873786,6.896006586780818,,,0.1429349301148674,0.14293493011486744,2.7755575615628914e-17,0.14293493011486744,0.14293493011486744
51c9ba33,16,5.0,0.01,0,MHE (OSQP),osqp,0.2999939889710024,6.896006586780818,"single-shooting, smoothing",10,2.9144808759994394,2.901500032749027,0.051035550487960234,2.7729999856092036,3.073900006711483
51c9ba33,16,5.0,0.01,0,MHE (PCIP),iterative-cg1,0.40499687198490986,6.896006586780818,"single-shooting, smoothing",10,1.0131889142955275,0.9899500000756234,0.10461365423014848,0.770099984947592,1.308899954892695
51c9ba33,16,5.0,0.01,0,MHE (PCIP+L1AO),iterative-cg1,0.3667415653227492,6.896006586780818,"single-shooting, smoothing",10,1.0169265969397174,1.0093000018969178,0.06986971521854317,0.8308000396937132,1.202500017825514
51c9ba33,17,5.0,0.01,0,EKF,,6.282831940917739,6.4006273785206815,,,0.14412135723234704,0.1441213572323471,5.551115123125783e-17,0.1441213572323471,0.1441213572323471
51c9ba33,17,5.0,0.01,0,MHE (OSQP),osqp,0.4248026912938607,6.4006273785206815,"single-shooting, smoothing",10,2.918319603908927,2.9063000110909343,0.05048510344453454,2.8368000057525933,3.102599992416799
51c9ba33,17,5.0,0.01,0,MHE (PCIP),iterative-cg1,0.3659286431092003,6.4006273785206815,"single-shooting, smoothing",10,0.9870770561470533,0.9831999777816236,0.05691576339780713,0.8397999918088317,1.1448999866843224
51c9ba33,17,5.0,0.01,0,MHE (PCIP+L1AO),iterative-cg1,0.34728414232977295,6.4006273785206815,"single-shooting, smoothing",10,1.0212528549851436,1.0168000007979572,0.06529279315789517,0.8346000104211271,1.2029000208713114
51c9ba33,18,5.0,0.01,0,EKF,,6.289187680341324,6.719154852144778,,,0.13647704585520423,0.1364770458552042,2.7755575615628914e-17,0.1364770458552042,0.1364770458552042
51c9ba33,18,5.0,0.01,0,MHE (OSQP),osqp,0.3863294041332114,6.719154852144778,"single-shooting, smoothing",10,2.8752995527351493,2.867149974917993,0.039486218098176894,2.8011000249534845,2.998499956447631
51c9ba33,18,5.0,0.01,0,MHE (PCIP),iterative-cg1,0.34546655752389943,6.719154852144778,"single-shooting, smoothing",10,0.9843335444188722,0.9806999587453902,0.06013640895447803,0.8454000344499946,1.1533000506460667
51c9ba33,18,5.0,0.01,0,MHE (PCIP+L1AO),iterative-cg1,0.3453601195576552,6.719154852144778,"single-shooting, smoothing",10,1.0282945266532664,1.021499978378415,0.06752850832494903,0.8684999775141478,1.2306999997235835
51c9ba33,19,5.0,0.01,0,EKF,,6.287326159416624,6.674439655416045,,,0.1404301396770005,0.1404301396770005,0.0,0.1404301396770005,0.1404301396770005
51c9ba33,19,5.0,0.01,0,MHE (OSQP),osqp,0.38089256203730737,6.674439655416045,"single-shooting, smoothing",10,2.8728934241429207,2.8655999922193587,0.03645183196719058,2.771699975710362,2.98839999595657
51c9ba33,19,5.0,0.01,0,MHE (PCIP),iterative-cg1,0.44460370793131415,6.674439655416045,"single-shooting, smoothing",10,0.9967321355238431,0.9867000044323504,0.07364754684513991,0.8362000226043165,1.2009000056423247
51c9ba33,19,5.0,0.01,0,MHE (PCIP+L1AO),iterative-cg1,0.4089490942943854,6.674439655416045,"single-shooting, smoothing",10,1.0129677774597603,1.0100000072270632,0.06137292457895144,0.847000046633184,1.1928000021725893
51c9ba33,20,5.0,0.01,0,EKF,,6.281808943360656,6.8070448008201705,,,0.13724950101773095,0.13724950101773092,2.7755575615628914e-17,0.13724950101773092,0.13724950101773092
51c9ba33,20,5.0,0.01,0,MHE (OSQP),osqp,0.289531611548499,6.8070448008201705,"single-shooting, smoothing",10,2.9494195129565415,2.939700032584369,0.045373420233395405,2.8276999946683645,3.0863999854773283
51c9ba33,20,5.0,0.01,0,MHE (PCIP),iterative-cg1,0.36000787517067956,6.8070448008201705,"single-shooting, smoothing",10,0.9985090515233184,0.9950999519787729,0.06173964850948866,0.8521999698132277,1.1710000107996166
51c9ba33,20,5.0,0.01,0,MHE (PCIP+L1AO),iterative-cg1,0.32731447720601936,6.8070448008201705,"single-shooting, smoothing",10,1.0218829839312307,1.0141499806195498,0.05957547721461516,0.8546999888494611,1.1834999895654619
51c9ba33,21,5.0,0.01,0,EKF,,6.320702462762048,7.084026230012759,,,0.13746207586011877,0.13746207586011874,2.7755575615628914e-17,0.13746207586011874,0.13746207586011874
51c9ba33,21,5.0,0.01,0,MHE (OSQP),osqp,0.3309805676037926,7.084026230012759,"single-shooting, smoothing",10,2.8901846139908796,2.885599998990074,0.03407527795323637,2.8113999869674444,2.9808999970555305
51c9ba33,21,5.0,0.01,0,MHE (PCIP),iterative-cg1,0.3496131350925143,7.084026230012759,"single-shooting, smoothing",10,0.998941421967631,0.9933999972417951,0.06117345779662682,0.8641000022180378,1.171700016129762
51c9ba33,21,5.0,0.01,0,MHE (PCIP+L1AO),iterative-cg1,0.3131600661655399,7.084026230012759,"single-shooting, smoothing",10,1.033429119599349,1.0237999958917499,0.07114534766003604,0.8476999937556684,1.2342000263743103
51c9ba33,22,5.0,0.01,0,EKF,,6.289981111624748,6.67060781611969,,,0.1369429141805394,0.1369429141805394,0.0,0.1369429141805394,0.1369429141805394
51c9ba33,22,5.0,0.01,0,MHE (OSQP),osqp,0.30123262570497883,6.67060781611969,"single-shooting, smoothing",10,2.886591190499963,2.8773499943781644,0.04323579843773804,2.7603000053204596,3.020100004505366
51c9ba33,22,5.0,0.01,0,MHE (PCIP),iterative-cg1,0.3516531581481575,6.67060781611969,"single-shooting, smoothing",10,0.9774185033135596,0.9747000294737518,0.05979125912170759,0.8276999578811228,1.137999992351979
51c9ba33,22,5.0,0.01,0,MHE (PCIP+L1AO),iterative-cg1,0.29059230165336,6.67060781611969,"single-shooting, smoothing",10,1.0198731355662984,1.0145999840460718,0.0616297059838471,0.8646000060252845,1.1973000364378095
51c9ba33,23,5.0,0.01,0,EKF,,6.272969639300383,6.540370120590989,,,0.13829600795575536,0.13829600795575542,5.551115123125783e-17,0.13829600795575542,0.13829600795575542
51c9ba33,23,5.0,0.01,0,MHE (OSQP),osqp,3.237066767872578,7.254987081529915,"single-shooting, smoothing",10,3.2629840006120503,2.9238999995868653,0.6257734123935685,1.5252999728545547,5.331000022124499
51c9ba33,23,5.0,0.01,0,MHE (PCIP),iterative-cg1,0.4008250139880061,6.540370120590989,"single-shooting, smoothing",10,0.9944080872996215,0.9865500032901764,0.0584520994880497,0.8473999914713204,1.1638000141829252
51c9ba33,23,5.0,0.01,0,MHE (PCIP+L1AO),iterative-cg1,0.29365316680769954,6.540370120590989,"single-shooting, smoothing",10,1.0087656378439425,1.0025000083260238,0.0664334935475134,0.874800025485456,1.202200015541166
51c9ba33,24,5.0,0.01,0,EKF,,6.289125475332719,6.98824631719947,,,0.13732834335252966,0.1373283433525297,2.7755575615628914e-17,0.1373283433525297,0.1373283433525297
51c9ba33,24,5.0,0.01,0,MHE (OSQP),osqp,0.39075926603424466,6.98824631719947,"single-shooting, smoothing",10,2.8878599991522997,2.8808999923057854,0.04398215927653933,2.818399982061237,3.022200020495802
51c9ba33,24,5.0,0.01,0,MHE (PCIP),iterative-cg1,0.4489878174496825,6.98824631719947,"single-shooting, smoothing",10,0.9918734609226513,0.9845999884419143,0.06468042067627205,0.8545999880880117,1.188000023830682
51c9ba33,24,5.0,0.01,0,MHE (PCIP+L1AO),iterative-cg1,0.4026235166811739,6.98824631719947,"single-shooting, smoothing",10,1.013061586677025,1.0088999988511205,0.061823196190410414,0.8922999841161072,1.1912999907508492
51c9ba33,25,5.0,0.01,0,EKF,,6.244134780589023,6.298796793899728,,,0.1465906188061123,0.14659061880611227,2.7755575615628914e-17,0.14659061880611227,0.14659061880611227
51c9ba33,25,5.0,0.01,0,MHE (OSQP),osqp,0.2703473654624936,6.282309893638352,"single-shooting, smoothing",10,2.8803716868873726,2.8727000462822616,0.035665907262082144,2.814499952364713,2.988099993672222
51c9ba33,25,5.0,0.01,0,MHE (PCIP),iterative-cg1,0.3790871289528343,6.282309893638352,"single-shooting, smoothing",10,0.9999128135347723,0.9948999795597047,0.05856627631073636,0.8713999995961785,1.1611999943852425
51c9ba33,25,5.0,0.01,0,MHE (PCIP+L1AO),iterative-cg1,0.42236926431049493,6.282309893638352,"single-shooting, smoothing",10,1.0292179700150597,1.0267000179737806,0.06725274864461793,0.8338000043295324,1.2170000118203461
51c9ba33,26,5.0,0.01,0,EKF,,6.301172624554496,6.929791152359776,,,0.13767724553264396,0.13767724553264396,0.0,0.13767724553264396,0.13767724553264396
51c9ba33,26,5.0,0.01,0,MHE (OSQP),osqp,0.38067335833485694,6.929791152359776,"single-shooting, smoothing",10,2.901128768621622,2.8968999977223575,0.033217858409903205,2.826599986292422,2.9973000055179
51c9ba33,26,5.0,0.01,0,MHE (PCIP),iterative-cg1,0.447421816856265,6.929791152359776,"single-shooting, smoothing",10,0.9905361921368674,0.9865000029094517,0.05853062046842724,0.8442999678663909,1.1582999723032117
51c9ba33,26,5.0,0.01,0,MHE (PCIP+L1AO),iterative-cg1,0.37284363808781196,6.929791152359776,"single-shooting, smoothing",10,1.0220872649985184,1.0174000053666532,0.06231372851546747,0.887800008058548,1.2012000079266727
51c9ba33,27,5.0,0.01,0,EKF,,6.252082022320836,6.311781255890747,,,0.13745029932334127,0.13745029932334127,0.0,0.13745029932334127,0.13745029932334127
51c9ba33,27,5.0,0.01,0,MHE (OSQP),osqp,0.422754840090189,6.311781255890747,"single-shooting, smoothing",10,2.8829330927971526,2.876599959563464,0.03507040397570521,2.812399994581938,2.99880001693964
51c9ba33,27,5.0,0.01,0,MHE (PCIP),iterative-cg1,nan,nan,"single-shooting, smoothing",10,1.8469553572370443,1.8349000019952655,0.06115678489134184,1.7422999953851104,2.02969997189939
51c9ba33,27,5.0,0.01,0,MHE (PCIP+L1AO),iterative-cg1,0.3000596753310149,6.311781255890747,"single-shooting, smoothing",10,1.029433748772135,1.0253500076942146,0.06445325579040095,0.8911000331863761,1.2137999874539673
51c9ba33,28,5.0,0.01,0,EKF,,6.272079864850898,6.589656010249394,,,0.13669980029964043,0.13669980029964043,0.0,0.13669980029964043,0.13669980029964043
51c9ba33,28,5.0,0.01,0,MHE (OSQP),osqp,0.42332743940903905,6.589656010249394,"single-shooting, smoothing",10,2.886278170678466,2.878399973269552,0.0419710931683639,2.780799986794591,3.0200000037439167
51c9ba33,28,5.0,0.01,0,MHE (PCIP),iterative-cg1,0.38513694509860974,6.589656010249394,"single-shooting, smoothing",10,0.987614707252355,0.984799989964813,0.06109522692319083,0.8452999754808843,1.1733999708667397
51c9ba33,28,5.0,0.01,0,MHE (PCIP+L1AO),iterative-cg1,0.35557155966988646,6.589656010249394,"single-shooting, smoothing",10,1.0090879245041633,1.005650032311678,0.0603861303248001,0.8761999779380858,1.178800011985004
51c9ba33,29,5.0,0.01,0,EKF,,nan,nan,,,0.1361812375431988,0.13618123754319883,2.7755575615628914e-17,0.13618123754319883,0.13618123754319883
51c9ba33,29,5.0,0.01,0,MHE (OSQP),osqp,nan,nan,"single-shooting, smoothing",10,2.2852777684521346,2.384349994827062,1.5545053653500565,0.2432999899610877,6.8153999745845795
51c9ba33,29,5.0,0.01,0,MHE (PCIP),iterative-cg1,nan,nan,"single-shooting, smoothing",10,1.8629098218038311,1.850700005888939,0.07103747558182016,1.6737999976612628,2.064900007098913
51c9ba33,29,5.0,0.01,0,MHE (PCIP+L1AO),iterative-cg1,nan,nan,"single-shooting, smoothing",10,2.9671737410666124,2.9635000391863286,0.06678460306390784,2.808900026138872,3.1428999500349164
51c9ba33,30,5.0,0.01,0,EKF,,6.265600760621818,6.687424313091524,,,0.13617944112233446,0.13617944112233446,0.0,0.13617944112233446,0.13617944112233446
51c9ba33,30,5.0,0.01,0,MHE (OSQP),osqp,0.39224402882917486,6.687424313091524,"single-shooting, smoothing",10,2.879251990973321,2.8728999895974994,0.03261347691171621,2.809800032991916,2.973700000438839
51c9ba33,30,5.0,0.01,0,MHE (PCIP),iterative-cg1,0.33031265860155656,6.687424313091524,"single-shooting, smoothing",10,0.9947086135590715,0.9894500253722072,0.06296199141321795,0.8316999883390963,1.165200024843216
51c9ba33,30,5.0,0.01,0,MHE (PCIP+L1AO),iterative-cg1,0.31458417411969203,6.687424313091524,"single-shooting, smoothing",10,1.0045563014363088,1.0033499856945127,0.06457076017024914,0.8086999878287315,1.2014000094495714
51c9ba33,31,5.0,0.01,0,EKF,,6.263142461965935,6.401951823378335,,,0.13620439129593426,0.13620439129593426,0.0,0.13620439129593426,0.13620439129593426
51c9ba33,31,5.0,0.01,0,MHE (OSQP),osqp,0.2669389083634885,6.401951823378335,"single-shooting, smoothing",10,2.9055604600112073,2.9021999798715115,0.03146539091565663,2.8227000148035586,3.002600045874715
51c9ba33,31,5.0,0.01,0,MHE (PCIP),iterative-cg1,0.3767972065090883,6.401951823378335,"single-shooting, smoothing",10,1.0005081380563898,0.9960000170394778,0.06829614820957629,0.8502000127919018,1.1956000234931707
51c9ba33,31,5.0,0.01,0,MHE (PCIP+L1AO),iterative-cg1,0.3812367449413206,6.401951823378335,"single-shooting, smoothing",10,1.0149678492934164,1.005799975246191,0.07198648610598332,0.8437999640591443,1.21489999582991
51c9ba33,32,5.0,0.01,0,EKF,,6.312975181102376,7.091908884999807,,,0.13560259472132621,0.13560259472132621,0.0,0.13560259472132621,0.13560259472132621
51c9ba33,32,5.0,0.01,0,MHE (OSQP),osqp,2.923516470523958,7.091908884999807,"single-shooting, smoothing",10,2.9836064432403138,2.90829996811226,0.24516003855846402,2.358199970331043,3.835999988950789
51c9ba33,32,5.0,0.01,0,MHE (PCIP),iterative-cg1,0.4446101755007402,7.091908884999807,"single-shooting, smoothing",10,0.9906781512555205,0.9849500202108175,0.06261440429027047,0.8387999841943383,1.1651000240817666
51c9ba33,32,5.0,0.01,0,MHE (PCIP+L1AO),iterative-cg1,0.4336216322484254,7.091908884999807,"single-shooting, smoothing",10,1.0271652626167787,1.0184000129811466,0.06678675136719657,0.8886000141501427,1.2265999685041606
51c9ba33,33,5.0,0.01,0,EKF,,6.298445320135206,6.931412033669653,,,0.13647365273197673,0.1364736527319767,2.7755575615628914e-17,0.1364736527319767,0.1364736527319767
51c9ba33,33,5.0,0.01,0,MHE (OSQP),osqp,0.3714118974010507,6.931412033669653,"single-shooting, smoothing",10,2.8799110079673333,2.8742499998770654,0.03441504828317449,2.8106000390835106,2.9847000259906054
51c9ba33,33,5.0,0.01,0,MHE (PCIP),iterative-cg1,0.4641158938634746,6.931412033669653,"single-shooting, smoothing",10,0.9912386555674666,0.9859499987214804,0.0638163952845262,0.8535999804735184,1.17790000513196
51c9ba33,33,5.0,0.01,0,MHE (PCIP+L1AO),iterative-cg1,0.4458451409012093,6.931412033669653,"single-shooting, smoothing",10,1.0189762591636748,1.0122499952558428,0.06310534414764225,0.851699966005981,1.1968999751843512
51c9ba33,34,5.0,0.01,0,EKF,,6.263434686574444,6.542252001876864,,,0.13898403191857203,0.13898403191857203,0.0,0.13898403191857203,0.13898403191857203
51c9ba33,34,5.0,0.01,0,MHE (OSQP),osqp,0.47120813660300204,6.542252001876864,"single-shooting, smoothing",10,2.9070790860714624,2.901499974541366,0.03318102183387204,2.8340000426396728,3.017399983946234
51c9ba33,34,5.0,0.01,0,MHE (PCIP),iterative-cg1,0.38889553233590884,6.542252001876864,"single-shooting, smoothing",10,0.9925989445198493,0.9890999644994736,0.06319956226397569,0.8354000165127218,1.1755999876186252
51c9ba33,34,5.0,0.01,0,MHE (PCIP+L1AO),iterative-cg1,0.36109643064753355,6.542252001876864,"single-shooting, smoothing",10,1.019337215497625,1.011700020171702,0.06035970581770638,0.8842999814078212,1.1896999785676599
51c9ba33,35,5.0,0.01,0,EKF,,6.269388552503378,6.3069105648523,,,0.13585988025063878,0.13585988025063883,5.551115123125783e-17,0.13585988025063883,0.13585988025063883
51c9ba33,35,5.0,0.01,0,MHE (OSQP),osqp,3.0706985965624556,6.275098669437494,"single-shooting, smoothing",10,3.181402929922197,2.910249982960522,0.49533994063539993,2.0044000120833516,4.843700036872178
51c9ba33,35,5.0,0.01,0,MHE (PCIP),iterative-cg1,nan,nan,"single-shooting, smoothing",10,1.8516734966177897,1.8387999734841287,0.06581098108951063,1.721200009342283,2.0592999644577503
51c9ba33,35,5.0,0.01,0,MHE (PCIP+L1AO),iterative-cg1,0.48310303453872944,6.275098669437494,"single-shooting, smoothing",10,1.0153783324009662,1.007449987810105,0.06554699103752694,0.8612999808974564,1.2021999573335052
51c9ba33,36,5.0,0.01,0,EKF,,6.26177139453504,6.600578045708081,,,0.14285429135920436,0.14285429135920433,2.7755575615628914e-17,0.14285429135920433,0.14285429135920433
51c9ba33,36,5.0,0.01,0,MHE (OSQP),osqp,0.4857308086782447,6.600578045708081,"single-shooting, smoothing",10,2.9134719727577583,2.9092500044498593,0.031473190677415656,2.83429998671636,3.0109999934211373
51c9ba33,36,5.0,0.01,0,MHE (PCIP),iterative-cg1,0.36708959322885776,6.600578045708081,"single-shooting, smoothing",10,0.9752811034528377,0.9701999952085316,0.05709094640387601,0.8305999799631536,1.1418000212870538
51c9ba33,36,5.0,0.01,0,MHE (PCIP+L1AO),iterative-cg1,0.32276016902040683,6.600578045708081,"single-shooting, smoothing",10,1.0119782442667338,1.0029500117525458,0.06361089546793532,0.8570000063627958,1.1833999888040125
51c9ba33,37,5.0,0.01,0,EKF,,6.278254922769299,6.662585031437846,,,0.14064810389816437,0.14064810389816434,2.7755575615628914e-17,0.14064810389816434,0.14064810389816434
51c9ba33,37,5.0,0.01,0,MHE (OSQP),osqp,0.2702050036674468,6.662585031437846,"single-shooting, smoothing",10,2.9194114931816255,2.91569996625185,0.03818031380210598,2.816299966070801,3.042500000447035
51c9ba33,37,5.0,0.01,0,MHE (PCIP),iterative-cg1,0.429916784620105,6.662585031437846,"single-shooting, smoothing",10,0.9857412269161758,0.9826999739743769,0.058232834359712354,0.8497000089846551,1.1498999665491283
51c9ba33,37,5.0,0.01,0,MHE (PCIP+L1AO),iterative-cg1,0.416689865757225,6.662585031437846,"single-shooting, smoothing",10,1.0236866384771866,1.0212999768555164,0.06466611748368822,0.846099981572479,1.2104000197723508
51c9ba33,38,5.0,0.01,0,EKF,,6.33158740329968,7.543943163658983,,,0.13953532933902574,0.13953532933902568,5.551115123125783e-17,0.13953532933902568,0.13953532933902568
51c9ba33,38,5.0,0.01,0,MHE (OSQP),osqp,1.089151544130691,6.998400915581225,"single-shooting, smoothing",10,2.8941186326435098,2.8792499797418714,0.06028218812493441,2.716600021813065,3.0886000022292137
51c9ba33,38,5.0,0.01,0,MHE (PCIP),iterative-cg1,nan,nan,"single-shooting, smoothing",10,1.839730048511858,1.830600027460605,0.0592854002216849,1.7174999811686575,2.0166999893262982
51c9ba33,38,5.0,0.01,0,MHE (PCIP+L1AO),iterative-cg1,nan,nan,"single-shooting, smoothing",10,2.954511809041115,2.943350002169609,0.07206838901774243,2.798000001348555,3.17209999775514
51c9ba33,39,5.0,0.01,0,EKF,,6.272998187877654,6.486046301168097,,,0.1359936127582278,0.13599361275822786,5.551115123125783e-17,0.13599361275822786,0.13599361275822786
51c9ba33,39,5.0,0.01,0,MHE (OSQP),osqp,0.36206291251657824,6.486046301168097,"single-shooting, smoothing",10,2.923825535665406,2.913300006184727,0.0444896553419288,2.8248000307939947,3.0802999972365797
51c9ba33,39,5.0,0.01,0,MHE (PCIP),iterative-cg1,0.4766807645226511,6.486046301168097,"single-shooting, smoothing",10,0.9930060803743794,0.9920000447891653,0.06398067851187247,0.8084999863058329,1.1699000024236739
51c9ba33,39,5.0,0.01,0,MHE (PCIP+L1AO),iterative-cg1,0.4609959047927913,6.486046301168097,"single-shooting, smoothing",10,1.0171835110084069,1.0130999726243317,0.07253370784088038,0.8423000108450651,1.2395000085234642
51c9ba33,40,5.0,0.01,0,EKF,,nan,nan,,,0.1379999999252488,0.1379999999252488,0.0,0.1379999999252488,0.1379999999252488
51c9ba33,40,5.0,0.01,0,MHE (OSQP),osqp,nan,nan,"single-shooting, smoothing",10,4.289344591057129,3.1376999977510422,2.5952872555265496,0.32650004141032696,11.810999945737422
51c9ba33,40,5.0,0.01,0,MHE (PCIP),iterative-cg1,nan,nan,"single-shooting, smoothing",10,1.8724092017672054,1.859900017734617,0.08859109764790021,1.62390002515167,2.1229999838396907
51c9ba33,40,5.0,0.01,0,MHE (PCIP+L1AO),iterative-cg1,nan,nan,"single-shooting, smoothing",10,2.9648200979412396,2.9562999843619764,0.06937380930540442,2.8342000441625714,3.1721999985165894
51c9ba33,41,5.0,0.01,0,EKF,,6.2666901183986665,6.887914550697825,,,0.1361429141304584,0.1361429141304584,0.0,0.1361429141304584,0.1361429141304584
51c9ba33,41,5.0,0.01,0,MHE (OSQP),osqp,0.3056899689430036,6.887914550697825,"single-shooting, smoothing",10,2.938989840913564,2.9306000215001404,0.0428881376966711,2.85649998113513,3.0657000024802983
51c9ba33,41,5.0,0.01,0,MHE (PCIP),iterative-cg1,0.4079405301533496,6.887914550697825,"single-shooting, smoothing",10,0.9781850526403439,0.972100009676069,0.06351737959859424,0.799100031144917,1.1696000001393259
51c9ba33,41,5.0,0.01,0,MHE (PCIP+L1AO),iterative-cg1,0.40869781315156556,6.887914550697825,"single-shooting, smoothing",10,0.999235271049192,0.992499990388751,0.06470283031782183,0.8593000238761306,1.1835000477731228
51c9ba33,42,5.0,0.01,0,EKF,,nan,nan,,,0.13812055891219846,0.13812055891219846,0.0,0.13812055891219846,0.13812055891219846
51c9ba33,42,5.0,0.01,0,MHE (OSQP),osqp,nan,nan,"single-shooting, smoothing",10,2.9252849984914064,2.89725000038743,0.4640604574761884,1.5775999636389315,3.8848999538458884
51c9ba33,42,5.0,0.01,0,MHE (PCIP),iterative-cg1,nan,nan,"single-shooting, smoothing",10,1.0106333376218875,0.997499970253557,0.08014296506570741,0.8750999695621431,1.2617000029422343
51c9ba33,42,5.0,0.01,0,MHE (PCIP+L1AO),iterative-cg1,nan,nan,"single-shooting, smoothing",10,1.1392320040613413,1.1260999599471688,0.19500213896737606,0.7239999831654131,1.7590000061318278
51c9ba33,43,5.0,0.01,0,EKF,,6.276615287264602,6.530077211982008,,,0.13834930130999962,0.1383493013099996,2.7755575615628914e-17,0.1383493013099996,0.1383493013099996
51c9ba33,43,5.0,0.01,0,MHE (OSQP),osqp,0.40572717540260617,6.530077211982008,"single-shooting, smoothing",10,2.9023151781595,2.8996999899391085,0.03171915858714168,2.8050000546500087,2.9999000253155828
51c9ba33,43,5.0,0.01,0,MHE (PCIP),iterative-cg1,0.3513821312959575,6.530077211982008,"single-shooting, smoothing",10,0.9831788577533171,0.9778999956324697,0.07463611664594608,0.7674000225961208,1.1915999930351973
51c9ba33,43,5.0,0.01,0,MHE (PCIP+L1AO),iterative-cg1,0.3081650499888758,6.530077211982008,"single-shooting, smoothing",10,1.0168751062666799,1.005949976388365,0.07186067587501815,0.845499977003783,1.2277999776415527
51c9ba33,44,5.0,0.01,0,EKF,,nan,nan,,,0.13707445117881045,0.1370744511788105,5.551115123125783e-17,0.1370744511788105,0.1370744511788105
51c9ba33,44,5.0,0.01,0,MHE (OSQP),osqp,nan,nan,"single-shooting, smoothing",10,2.1272562407830264,2.0455499761737883,1.2130570236826832,0.2229000092484057,4.445000027772039
51c9ba33,44,5.0,0.01,0,MHE (PCIP),iterative-cg1,nan,nan,"single-shooting, smoothing",10,1.8550410573000693,1.8396999803371727,0.07728998963794131,1.6748999478295445,2.08609999390319
51c9ba33,44,5.0,0.01,0,MHE (PCIP+L1AO),iterative-cg1,nan,nan,"single-shooting, smoothing",10,2.9630839552187904,2.9553999775089324,0.0726395826498152,2.8276999946683645,3.1886999495327473
51c9ba33,45,5.0,0.01,0,EKF,,6.291402517799255,6.844948517320992,,,0.13619900203334123,0.1361990020333412,2.7755575615628914e-17,0.1361990020333412,0.1361990020333412
51c9ba33,45,5.0,0.01,0,MHE (OSQP),osqp,0.9032160558460093,6.844948517320992,"single-shooting, smoothing",10,2.903277556379407,2.8956999885849655,0.03984273754067693,2.793300023768097,3.0462000286206603
51c9ba33,45,5.0,0.01,0,MHE (PCIP),iterative-cg1,0.5097315751897561,6.844948517320992,"single-shooting, smoothing",10,0.9943422728493938,0.9875000105239451,0.07146022722106281,0.8087999885901809,1.193900010548532
51c9ba33,45,5.0,0.01,0,MHE (PCIP+L1AO),iterative-cg1,0.46126166517391287,6.844948517320992,"single-shooting, smoothing",10,1.0828626312224081,1.064100011717528,0.0954615959364348,0.8423000108450651,1.337299996521324
51c9ba33,46,5.0,0.01,0,EKF,,6.285866562889554,7.0153588465895735,,,0.15376646702778257,0.15376646702778257,0.0,0.15376646702778257,0.15376646702778257
51c9ba33,46,5.0,0.01,0,MHE (OSQP),osqp,0.31453550790308304,7.0153588465895735,"single-shooting, smoothing",10,2.9868050376500497,2.962099970318377,0.08793585668686568,2.8664999990724027,3.2659999560564756
51c9ba33,46,5.0,0.01,0,MHE (PCIP),iterative-cg1,0.3070285187059928,7.0153588465895735,"single-shooting, smoothing",10,1.0469906244300848,1.0425499931443483,0.06544869255263956,0.8724000072106719,1.2355000362731516
51c9ba33,46,5.0,0.01,0,MHE (PCIP+L1AO),iterative-cg1,0.27439445935368384,7.0153588465895735,"single-shooting, smoothing",10,1.0803160758296295,1.0765999904833734,0.06414654639701958,0.9053999674506485,1.2761999969370663
51c9ba33,47,5.0,0.01,0,EKF,,6.279494897474911,6.659351648959352,,,0.14074730543705988,0.14074730543705993,5.551115123125783e-17,0.14074730543705993,0.14074730543705993
51c9ba33,47,5.0,0.01,0,MHE (OSQP),osqp,0.45943494802971985,6.659351648959352,"single-shooting, smoothing",10,2.920143880266223,2.90089996997267,0.058479339205740125,2.7871999773196876,3.1166999833658338
51c9ba33,47,5.0,0.01,0,MHE (PCIP),iterative-cg1,0.38984528419249453,6.659351648959352,"single-shooting, smoothing",10,1.0674953772030975,1.057450019288808,0.06641151181027093,0.9052000241354108,1.2540000025182962
51c9ba33,47,5.0,0.01,0,MHE (PCIP+L1AO),iterative-cg1,0.3513190844609077,6.659351648959352,"single-shooting, smoothing",10,1.0786936843865795,1.0748999775387347,0.06894098399346923,0.9000000427477062,1.2732999748550355
51c9ba33,48,5.0,0.01,0,EKF,,6.27478401104307,6.511090893509568,,,0.1384445110348959,0.13844451103489586,5.551115123125783e-17,0.13844451103489586,0.13844451103489586
51c9ba33,48,5.0,0.01,0,MHE (OSQP),osqp,0.39591845755565885,6.511090893509568,"single-shooting, smoothing",10,2.92496361369901,2.9021500376984477,0.07838567169205671,2.833399979863316,3.309599997010082
51c9ba33,48,5.0,0.01,0,MHE (PCIP),iterative-cg1,0.3237749125539827,6.511090893509568,"single-shooting, smoothing",10,1.0559531263425015,1.0506000253371894,0.06214574868265637,0.9001000435091555,1.2326000141911209
51c9ba33,48,5.0,0.01,0,MHE (PCIP+L1AO),iterative-cg1,0.27435780420217504,6.511090893509568,"single-shooting, smoothing",10,1.0809000016127237,1.0729000205174088,0.07076936243783467,0.902600004337728,1.278500014450401
51c9ba33,49,5.0,0.01,0,EKF,,6.2823872737526285,6.559661385163375,,,0.13835688619809353,0.13835688619809355,2.7755575615628914e-17,0.13835688619809355,0.13835688619809355
51c9ba33,49,5.0,0.01,0,MHE (OSQP),osqp,0.31886132146533863,6.409717435021272,"single-shooting, smoothing",10,2.8964986263303345,2.88909999653697,0.0383968263219451,2.7925000176765025,3.0200000037439167
51c9ba33,49,5.0,0.01,0,MHE (PCIP),iterative-cg1,0.32756722852084996,6.409717435021272,"single-shooting, smoothing",10,1.0514693113047793,1.0455999872647226,0.0682683528869254,0.8848000434227288,1.250700035598129
51c9ba33,49,5.0,0.01,0,MHE (PCIP+L1AO),iterative-cg1,0.322197227556461,6.409717435021272,"single-shooting, smoothing",10,1.0691063150175308,1.062600000295788,0.0687445103897028,0.9327999432571232,1.2758999946527183
51c9ba33,50,5.0,0.01,0,EKF,,6.253377861818997,6.317714104618254,,,0.13957524945412922,0.13957524945412925,2.7755575615628914e-17,0.13957524945412925,0.13957524945412925
51c9ba33,50,5.0,0.01,0,MHE (OSQP),osqp,0.2754903515028246,6.167475946597237,"single-shooting, smoothing",10,2.902389749972646,2.8968999977223575,0.03501921789866812,2.8380999574437737,3.0112999957054853
51c9ba33,50,5.0,0.01,0,MHE (PCIP),iterative-cg1,0.2915504061418027,6.167475946597237,"single-shooting, smoothing",10,1.0392402515471357,1.0378000442869961,0.057108168112921354,0.8822999661788344,1.2005000025965273
51c9ba33,50,5.0,0.01,0,MHE (PCIP+L1AO),iterative-cg1,0.2885162411540898,6.167475946597237,"single-shooting, smoothing",10,1.0708460088784046,1.066849974449724,0.06388170607215223,0.8932000491768122,1.2467000051401556
51c9ba33,51,5.0,0.01,0,EKF,,6.302521302874253,6.874388627841002,,,0.13918682636354793,0.13918682636354796,2.7755575615628914e-17,0.13918682636354796,0.13918682636354796
51c9ba33,51,5.0,0.01,0,MHE (OSQP),osqp,2.654448041200636,7.582264609297401,"single-shooting, smoothing",10,3.1489191977535875,2.9543500277213752,0.39208156197529376,2.3116000229492784,4.351900017354637
51c9ba33,51,5.0,0.01,0,MHE (PCIP),iterative-cg1,0.6468292613628897,6.874388627841002,"single-shooting, smoothing",10,1.0617759577840804,1.0590000310912728,0.06499209339444835,0.910000002477318,1.2391999480314553
51c9ba33,51,5.0,0.01,0,MHE (PCIP+L1AO),iterative-cg1,0.35219013759393586,6.874388627841002,"single-shooting, smoothing",10,1.066572902729154,1.06229999801144,0.07304655153245991,0.8589999633841217,1.2822000426240265
51c9ba33,52,5.0,0.01,0,EKF,,1463.4661827415853,4316.752958552352,,,0.1402740518259491,0.14027405182594904,5.551115123125783e-17,0.14027405182594904,0.14027405182594904
51c9ba33,52,5.0,0.01,0,MHE (OSQP),osqp,nan,nan,"single-shooting, smoothing",10,2.884386365291324,2.9245000041555613,0.532895910205245,1.3498000334948301,4.228100006002933
51c9ba33,52,5.0,0.01,0,MHE (PCIP),iterative-cg1,nan,nan,"single-shooting, smoothing",10,1.9204040669555371,1.9122000085189939,0.08543549869318252,1.7453000182285905,2.1605000365525484
51c9ba33,52,5.0,0.01,0,MHE (PCIP+L1AO),iterative-cg1,nan,nan,"single-shooting, smoothing",10,3.014091110966502,3.002100042067468,0.09339527610440213,2.79590004356578,3.2939999946393073
51c9ba33,53,5.0,0.01,0,EKF,,6.267102427512624,6.652897006696707,,,0.15415309381368245,0.15415309381368245,0.0,0.15415309381368245,0.15415309381368245
51c9ba33,53,5.0,0.01,0,MHE (OSQP),osqp,0.46541638216448056,6.652897006696707,"single-shooting, smoothing",10,2.874256179176187,2.8626000275835395,0.044733181233798824,2.802099974360317,3.0162999755702913
51c9ba33,53,5.0,0.01,0,MHE (PCIP),iterative-cg1,0.34251362060509993,6.652897006696707,"single-shooting, smoothing",10,0.9929086417036415,0.9888999920804054,0.06415646942976273,0.8456000359728932,1.1741999769583344
51c9ba33,53,5.0,0.01,0,MHE (PCIP+L1AO),iterative-cg1,0.277732303438305,6.652897006696707,"single-shooting, smoothing",10,1.013336058748023,1.0068999836221337,0.0630097073804503,0.8488000021316111,1.1915999930351973
51c9ba33,54,5.0,0.01,0,EKF,,6.27146956889522,6.5065748580417155,,,0.13698702594432646,0.13698702594432646,0.0,0.13698702594432646,0.13698702594432646
51c9ba33,54,5.0,0.01,0,MHE (OSQP),osqp,0.3962736459141113,6.5065748580417155,"single-shooting, smoothing",10,2.89427669578215,2.889549999963492,0.033959934621449514,2.8108000406064093,3.0001000268384814
51c9ba33,54,5.0,0.01,0,MHE (PCIP),iterative-cg1,0.33349413768326297,6.5065748580417155,"single-shooting, smoothing",10,0.9902044703460675,0.985099992249161,0.05960401320467807,0.8567000040784478,1.1505999718792737
51c9ba33,54,5.0,0.01,0,MHE (PCIP+L1AO),iterative-cg1,0.30162823930929245,6.5065748580417155,"single-shooting, smoothing",10,1.0241257215307742,1.0183499834965914,0.066004431952507,0.8325000526383519,1.2028999626636505
51c9ba33,55,5.0,0.01,0,EKF,,6.275824123124615,6.6744345147608355,,,0.14434830344164978,0.14434830344164978,0.0,0.14434830344164978,0.14434830344164978
51c9ba33,55,5.0,0.01,0,MHE (OSQP),osqp,0.30098447263795447,6.6744345147608355,"single-shooting, smoothing",10,2.9003480319459274,2.8858999721705914,0.05205679482756918,2.823999966494739,3.1137000187300146
51c9ba33,55,5.0,0.01,0,MHE (PCIP),iterative-cg1,0.3506970946781393,6.6744345147608355,"single-shooting, smoothing",10,0.9910052638549945,0.986300001386553,0.05974798122061768,0.8649000083096325,1.171100011561066
51c9ba33,55,5.0,0.01,0,MHE (PCIP+L1AO),iterative-cg1,0.3230356926313763,6.6744345147608355,"single-shooting, smoothing",10,1.0256938422009776,1.0187000152654946,0.05954295088354988,0.8648000075481832,1.1963999713771045
51c9ba33,56,5.0,0.01,0,EKF,,6.317964225648736,6.784772329490489,,,0.13674451098656523,0.13674451098656523,0.0,0.13674451098656523,0.13674451098656523
51c9ba33,56,5.0,0.01,0,MHE (OSQP),osqp,1.4904417879692842,6.784772329490489,"single-shooting, smoothing",10,2.923013972273717,2.870050026103854,0.17530275146096966,2.4056999827735126,3.5865000099875033
51c9ba33,56,5.0,0.01,0,MHE (PCIP),iterative-cg1,0.3974354420483003,6.784772329490489,"single-shooting, smoothing",10,1.0113819554174805,1.0015500010922551,0.07284538782408896,0.8635999984107912,1.2202999787405133
51c9ba33,56,5.0,0.01,0,MHE (PCIP+L1AO),iterative-cg1,0.3937038219358904,6.784772329490489,"single-shooting, smoothing",10,1.0232193199739714,1.0204999707639217,0.06317900114588067,0.8784999954514205,1.1974000371992588
51c9ba33,57,5.0,0.01,0,EKF,,6.284193971740514,6.526256353658789,,,0.1391566866458563,0.1391566866458563,0.0,0.1391566866458563,0.1391566866458563
51c9ba33,57,5.0,0.01,0,MHE (OSQP),osqp,0.311389870436547,6.526256353658789,"single-shooting, smoothing",10,2.901097954324711,2.886399975977838,0.06031217590745926,2.674099989235401,3.185699984896928
51c9ba33,57,5.0,0.01,0,MHE (PCIP),iterative-cg1,0.34995083832784263,6.526256353658789,"single-shooting, smoothing",10,0.9871871369800055,0.9849999914877117,0.0580222105607083,0.8364000241272151,1.1523999855853617
51c9ba33,57,5.0,0.01,0,MHE (PCIP+L1AO),iterative-cg1,0.3317721267888822,6.526256353658789,"single-shooting, smoothing",10,1.02206931164146,1.0149000445380807,0.06498061005814965,0.8762999786995351,1.2051000376231968
51c9ba33,58,5.0,0.01,0,EKF,,6.292592480196427,6.667682593491067,,,0.136371257439806,0.13637125743980597,2.7755575615628914e-17,0.13637125743980597,0.13637125743980597
51c9ba33,58,5.0,0.01,0,MHE (OSQP),osqp,0.2794317986601137,6.594462804321574,"single-shooting, smoothing",10,2.886482567997699,2.881099993828684,0.03669734260935542,2.815699961502105,3.007600025739521
51c9ba33,58,5.0,0.01,0,MHE (PCIP),iterative-cg1,0.37929321500387536,6.594462804321574,"single-shooting, smoothing",10,1.0020938568493998,1.000949996523559,0.05891772181499178,0.8393999887630343,1.170800009276718
51c9ba33,58,5.0,0.01,0,MHE (PCIP+L1AO),iterative-cg1,0.3471754547277921,6.594462804321574,"single-shooting, smoothing",10,1.0194100833061628,1.014650013530627,0.05586851263864139,0.8889999589882791,1.1730000260286033
51c9ba33,59,5.0,0.01,0,EKF,,6.307033048971302,6.813565484190551,,,0.13831437125285256,0.1383143712528526,2.7755575615628914e-17,0.1383143712528526,0.1383143712528526
51c9ba33,59,5.0,0.01,0,MHE (OSQP),osqp,0.4967857175574721,6.813565484190551,"single-shooting, smoothing",10,2.8750027453439477,2.8676000074483454,0.033079428769040534,2.8017000295221806,2.9725999920628965
51c9ba33,59,5.0,0.01,0,MHE (PCIP),iterative-cg1,0.4578641040088035,6.813565484190551,"single-shooting, smoothing",10,0.9798702305042237,0.978900003246963,0.06179401762631951,0.820100016426295,1.164900022558868
51c9ba33,59,5.0,0.01,0,MHE (PCIP+L1AO),iterative-cg1,0.41470885947010117,6.813565484190551,"single-shooting, smoothing",10,1.0177471568366807,1.0124000255018473,0.05995988626561016,0.8576000109314919,1.173799973912537
51c9ba33,60,5.0,0.01,0,EKF,,6.294795382137643,6.689545303070788,,,0.13659720563751732,0.13659720563751732,0.0,0.13659720563751732,0.13659720563751732
51c9ba33,60,5.0,0.01,0,MHE (OSQP),osqp,3.353256659311143,6.689545303070788,"single-shooting, smoothing",10,3.1463180983921606,2.9062500107102096,0.5165894305278262,1.6692999633960426,4.767700040247291
51c9ba33,60,5.0,0.01,0,MHE (PCIP),iterative-cg1,0.3332316040126318,6.689545303070788,"single-shooting, smoothing",10,0.9904773845491908,0.9868000051937997,0.0595629938089991,0.8572000078856945,1.1615999974310398
51c9ba33,60,5.0,0.01,0,MHE (PCIP+L1AO),iterative-cg1,0.28932097353464337,6.689545303070788,"single-shooting, smoothing",10,1.013684937940856,1.0070499847643077,0.06765648065021387,0.845799979288131,1.2057999847456813
51c9ba33,61,5.0,0.01,0,EKF,,6.308939628863749,6.8435712382679,,,0.14186946107279103,0.141869461072791,2.7755575615628914e-17,0.141869461072791,0.141869461072791
51c9ba33,61,5.0,0.01,0,MHE (OSQP),osqp,0.3524386066310053,6.8435712382679,"single-shooting, smoothing",10,2.899535346705408,2.89060000795871,0.04281953913182547,2.7815999928861856,3.028600011020899
51c9ba33,61,5.0,0.01,0,MHE (PCIP),iterative-cg1,0.46729080867256384,6.8435712382679,"single-shooting, smoothing",10,0.9789640179135793,0.9751000034157187,0.06179709658231176,0.839299988001585,1.1479000095278025
51c9ba33,61,5.0,0.01,0,MHE (PCIP+L1AO),iterative-cg1,0.4258215407426752,6.8435712382679,"single-shooting, smoothing",10,1.0176685106187584,1.0145999840460718,0.057953443073759776,0.8631999953649938,1.1749999830499291
51c9ba33,62,5.0,0.01,0,EKF,,6.320545965067094,7.40778331631025,,,0.1372293412997694,0.1372293412997694,0.0,0.1372293412997694,0.1372293412997694
51c9ba33,62,5.0,0.01,0,MHE (OSQP),osqp,nan,nan,"single-shooting, smoothing",10,3.007381478609103,2.9134000069461763,1.1580297488893192,0.43479999294504523,6.3316000159829855
51c9ba33,62,5.0,0.01,0,MHE (PCIP),iterative-cg1,nan,nan,"single-shooting, smoothing",10,1.8514900460378132,1.8432500073686242,0.07513987054897747,1.6030999831855297,2.074299962259829
51c9ba33,62,5.0,0.01,0,MHE (PCIP+L1AO),iterative-cg1,nan,nan,"single-shooting, smoothing",10,2.9790016938650363,2.963600039947778,0.07909261972206666,2.8264999855309725,3.219100006390363
51c9ba33,63,5.0,0.01,0,EKF,,6.284567671436418,6.775535182918988,,,0.1356530938754807,0.13565309387548063,5.551115123125783e-17,0.13565309387548063,0.13565309387548063
51c9ba33,63,5.0,0.01,0,MHE (OSQP),osqp,0.37631455141172054,6.775535182918988,"single-shooting, smoothing",10,2.9144015688096245,2.9107000154908746,0.031821008982532505,2.845599956344813,3.008199972100556
51c9ba33,63,5.0,0.01,0,MHE (PCIP),iterative-cg1,0.3393085024177925,6.775535182918988,"single-shooting, smoothing",10,0.9897585603089543,0.9835000382736325,0.06216413357641072,0.8537000394426286,1.1721999617293477
51c9ba33,63,5.0,0.01,0,MHE (PCIP+L1AO),iterative-cg1,0.29802347147672875,6.775535182918988,"single-shooting, smoothing",10,1.014933193923256,1.0107500129379332,0.06219549176604065,0.8755000308156013,1.195100019685924
51c9ba33,64,5.0,0.01,0,EKF,,6.2950387750886705,6.783489880060642,,,0.1352023952101504,0.1352023952101504,0.0,0.1352023952101504,0.1352023952101504
51c9ba33,64,5.0,0.01,0,MHE (OSQP),osqp,1.5097631738582962,6.783489880060642,"single-shooting, smoothing",10,2.875418588458146,2.8680000104941428,0.03701597871368865,2.7515000547282398,3.0180999892763793
51c9ba33,64,5.0,0.01,0,MHE (PCIP),iterative-cg1,0.3265664088888939,6.783489880060642,"single-shooting, smoothing",10,0.9988731243841661,0.99484997917898,0.0626861489405921,0.8595000253990293,1.1729999678209424
51c9ba33,64,5.0,0.01,0,MHE (PCIP+L1AO),iterative-cg1,0.2736702140301773,6.783489880060642,"single-shooting, smoothing",10,1.0170829877270873,1.0082999942824244,0.06718887261025347,0.8760999771766365,1.1986999888904393
51c9ba33,65,5.0,0.01,0,EKF,,6.281500526965631,6.613016975202192,,,0.137321756476027,0.13732175647602704,2.7755575615628914e-17,0.13732175647602704,0.13732175647602704
51c9ba33,65,5.0,0.01,0,MHE (OSQP),osqp,0.34105287765704895,6.613016975202192,"single-shooting, smoothing",10,2.9370793122691157,2.9266999918036163,0.05329534861406094,2.778999973088503,3.1024999916553497
51c9ba33,65,5.0,0.01,0,MHE (PCIP),iterative-cg1,0.37130959314006556,6.613016975202192,"single-shooting, smoothing",10,0.9786684096987636,0.9710000013001263,0.06536007630749802,0.7925999816507101,1.1646999628283083
51c9ba33,65,5.0,0.01,0,MHE (PCIP+L1AO),iterative-cg1,0.32781493793818534,6.613016975202192,"single-shooting, smoothing",10,1.0194333329382215,1.0102500091306865,0.06320386740180224,0.8619999862276018,1.2023999588564038
51c9ba33,66,5.0,0.01,0,EKF,,6.269646550823939,6.462521839463021,,,0.13812275442151642,0.1381227544215164,2.7755575615628914e-17,0.1381227544215164,0.1381227544215164
51c9ba33,66,5.0,0.01,0,MHE (OSQP),osqp,0.41488964610115703,6.462521839463021,"single-shooting, smoothing",10,2.8841181168645385,2.877350023481995,0.03636209983789116,2.8128999983891845,3.0001000268384814
51c9ba33,66,5.0,0.01,0,MHE (PCIP),iterative-cg1,0.3328896722672968,6.462521839463021,"single-shooting, smoothing",10,0.9920861409939349,0.9868000051937997,0.06038923271625952,0.8601999725215137,1.1570000206120312
51c9ba33,66,5.0,0.01,0,MHE (PCIP+L1AO),iterative-cg1,0.3112441841753947,6.462521839463021,"single-shooting, smoothing",10,1.0113495814342361,1.0064500092994422,0.06455805469100444,0.8381000370718539,1.1950999614782631
51c9ba33,67,5.0,0.01,0,EKF,,6.270539937976028,6.515573361314896,,,0.1396139720715062,0.1396139720715062,0.0,0.1396139720715062,0.1396139720715062
51c9ba33,67,5.0,0.01,0,MHE (OSQP),osqp,0.2587472052649517,6.376019687104156,"single-shooting, smoothing",10,2.8833715338202306,2.8771999932359904,0.037334735719488796,2.813400002196431,3.0285000102594495
51c9ba33,67,5.0,0.01,0,MHE (PCIP),iterative-cg1,0.2865704009619646,6.376019687104156,"single-shooting, smoothing",10,0.9752961792370143,0.9753000340424478,0.05771526338570932,0.824499991722405,1.1445999843999743
51c9ba33,67,5.0,0.01,0,MHE (PCIP+L1AO),iterative-cg1,0.2566366734320833,6.376019687104156,"single-shooting, smoothing",10,1.01738524070908,1.0098000057041645,0.06463354910347106,0.8646000060252845,1.2063999893143773
51c9ba33,68,5.0,0.01,0,EKF,,6.267836247578409,6.551950789590158,,,0.1387469062234039,0.1387469062234039,0.0,0.1387469062234039,0.1387469062234039
51c9ba33,68,5.0,0.01,0,MHE (OSQP),osqp,0.3972329053263979,6.551950789590158,"single-shooting, smoothing",10,2.9242495575814664,2.9193000227678567,0.03791108718568644,2.827899996191263,3.0379999661818147
51c9ba33,68,5.0,0.01,0,MHE (PCIP),iterative-cg1,0.3312058056747299,6.551950789590158,"single-shooting, smoothing",10,0.9786238293213017,0.9750000317580998,0.062435542714840406,0.8103000000119209,1.148299954365939
51c9ba33,68,5.0,0.01,0,MHE (PCIP+L1AO),iterative-cg1,0.27032319252420123,6.551950789590158,"single-shooting, smoothing",10,1.0131618945467238,1.0083999950438738,0.06435051559095546,0.8651000098325312,1.1983000440523028
51c9ba33,69,5.0,0.01,0,EKF,,nan,nan,,,0.1374389221073833,0.1374389221073833,0.0,0.1374389221073833,0.1374389221073833
51c9ba33,69,5.0,0.01,0,MHE (OSQP),osqp,nan,nan,"single-shooting, smoothing",10,2.8124187483626883,1.7563500150572509,2.9053951558773283,0.2243000199086964,11.68840000173077
51c9ba33,69,5.0,0.01,0,MHE (PCIP),iterative-cg1,nan,nan,"single-shooting, smoothing",10,1.8686454954229623,1.8627000390551984,0.07425228947462069,1.6740999999456108,2.0839000353589654
51c9ba33,69,5.0,0.01,0,MHE (PCIP+L1AO),iterative-cg1,nan,nan,"single-shooting, smoothing",10,2.9655434395266718,2.956499985884875,0.07183835810724795,2.819799992721528,3.1765999738126993
51c9ba33,70,5.0,0.01,0,EKF,,6.3183744373985995,6.92429542173686,,,0.13693932133881068,0.13693932133881068,0.0,0.13693932133881068,0.13693932133881068
51c9ba33,70,5.0,0.01,0,MHE (OSQP),osqp,0.49185791486810315,6.92429542173686,"single-shooting, smoothing",10,2.8935320862758167,2.8838499856647104,0.045140086584074104,2.8202999965287745,3.0909000197425485
51c9ba33,70,5.0,0.01,0,MHE (PCIP),iterative-cg1,0.5249338822594122,6.92429542173686,"single-shooting, smoothing",10,1.0025043769322413,0.9985500073526055,0.059819257711947064,0.8399999933317304,1.174100034404546
51c9ba33,70,5.0,0.01,0,MHE (PCIP+L1AO),iterative-cg1,0.4851379750035585,6.92429542173686,"single-shooting, smoothing",10,1.0192555081575583,1.0121999657712877,0.06686666069701326,0.8437999640591443,1.207799999974668
51c9ba33,71,5.0,0.01,0,EKF,,6.2932054714506815,6.693412561440804,,,0.1359746507703589,0.13597465077035886,2.7755575615628914e-17,0.13597465077035886,0.13597465077035886
51c9ba33,71,5.0,0.01,0,MHE (OSQP),osqp,0.42676667968044946,6.693412561440804,"single-shooting, smoothing",10,2.891554158720721,2.8862000326626003,0.03409429880040887,2.820199995767325,3.0004000291228294
51c9ba33,71,5.0,0.01,0,MHE (PCIP),iterative-cg1,0.3530929398643241,6.693412561440804,"single-shooting, smoothing",10,0.9812884072254472,0.9757999796420336,0.06202924876389697,0.8421000093221664,1.1597999837249517
51c9ba33,71,5.0,0.01,0,MHE (PCIP+L1AO),iterative-cg1,0.28494496602234315,6.693412561440804,"single-shooting, smoothing",10,1.0158675720342376,1.007299986667931,0.06292292854344518,0.8715000003576279,1.208700006827712
51c9ba33,72,5.0,0.01,0,EKF,,6.2798476718265,6.367218863534347,,,0.1356518962615711,0.13565189626157106,2.7755575615628914e-17,0.13565189626157106,0.13565189626157106
51c9ba33,72,5.0,0.01,0,MHE (OSQP),osqp,0.39649642714285854,6.332407024646903,"single-shooting, smoothing",10,2.888684668226564,2.882000000681728,0.03450630947153966,2.8182999812997878,2.9900000081397593
51c9ba33,72,5.0,0.01,0,MHE (PCIP),iterative-cg1,0.35088879339782536,6.332407024646903,"single-shooting, smoothing",10,0.9804878206764404,0.9744000271894038,0.06737865877932561,0.8118999539874494,1.1569000198505819
51c9ba33,72,5.0,0.01,0,MHE (PCIP+L1AO),iterative-cg1,0.31543387487938096,6.332407024646903,"single-shooting, smoothing",10,1.0064819712236728,0.9953000117093325,0.06496992743143433,0.8598000276833773,1.1906999861821532
51c9ba33,73,5.0,0.01,0,EKF,,6.2722608533903195,6.8946516399648505,,,0.13852694609524036,0.13852694609524038,2.7755575615628914e-17,0.13852694609524038,0.13852694609524038
51c9ba33,73,5.0,0.01,0,MHE (OSQP),osqp,0.27286109778655043,6.8946516399648505,"single-shooting, smoothing",10,2.9404511050922815,2.9104000132065266,0.08537896806433964,2.691200003027916,3.21649998659268
51c9ba33,73,5.0,0.01,0,MHE (PCIP),iterative-cg1,0.3991966557945858,6.8946516399648505,"single-shooting, smoothing",10,0.9860761996138927,0.9805999579839408,0.05919396900716551,0.8446000283583999,1.159900042694062
51c9ba33,73,5.0,0.01,0,MHE (PCIP+L1AO),iterative-cg1,0.4217865876871375,6.8946516399648505,"single-shooting, smoothing",10,1.005297908598409,0.9981500043068081,0.07036135561241003,0.8477999945171177,1.2043999740853906
51c9ba33,74,5.0,0.01,0,EKF,,6.299310036932978,7.028065659922237,,,0.13828822358152615,0.13828822358152615,0.0,0.13828822358152615,0.13828822358152615
51c9ba33,74,5.0,0.01,0,MHE (OSQP),osqp,0.33625090189465157,7.028065659922237,"single-shooting, smoothing",10,2.929162116283003,2.927800000179559,0.0429922734978532,2.8084000223316252,3.0606999644078314
51c9ba33,74,5.0,0.01,0,MHE (PCIP),iterative-cg1,0.3916114846619109,7.028065659922237,"single-shooting, smoothing",10,0.9936702322259748,0.9867000044323504,0.0627970150149699,0.8090999908745289,1.1804999667219818
51c9ba33,74,5.0,0.01,0,MHE (PCIP+L1AO),iterative-cg1,0.3305444710032212,7.028065659922237,"single-shooting, smoothing",10,1.017258350932321,1.0144999832846224,0.0652656881983854,0.8421000093221664,1.2046999763697386
51c9ba33,75,5.0,0.01,0,EKF,,6.29981018535283,6.771443481323169,,,0.13763992024767777,0.1376399202476778,2.7755575615628914e-17,0.1376399202476778,0.1376399202476778
51c9ba33,75,5.0,0.01,0,MHE (OSQP),osqp,0.3915157974235138,6.771443481323169,"single-shooting, smoothing",10,2.9155418557175588,2.9084999696351588,0.04545522117850018,2.7949000359512866,3.0712999869138002
51c9ba33,75,5.0,0.01,0,MHE (PCIP),iterative-cg1,0.35386309885151546,6.771443481323169,"single-shooting, smoothing",10,1.0044587215042098,1.0002999915741384,0.0662216056138843,0.8069000323303044,1.1968999751843512
51c9ba33,75,5.0,0.01,0,MHE (PCIP+L1AO),iterative-cg1,0.30812062189589373,6.771443481323169,"single-shooting, smoothing",10,1.0362255802214635,1.0290999780409038,0.07068902483301624,0.896100013051182,1.2476000119931996
51c9ba33,76,5.0,0.01,0,EKF,,6.253402848468477,6.3871314439083315,,,0.1361748502690144,0.13617485026901444,2.7755575615628914e-17,0.13617485026901444,0.13617485026901444
51c9ba33,76,5.0,0.01,0,MHE (OSQP),osqp,0.411550442390658,6.3871314439083315,"single-shooting, smoothing",10,2.9159477187881935,2.9122999985702336,0.04139882306126112,2.8269000467844307,3.047000034712255
51c9ba33,76,5.0,0.01,0,MHE (PCIP),iterative-cg1,0.32284414984047083,6.3871314439083315,"single-shooting, smoothing",10,0.9816981128668822,0.9764999849721789,0.061594992444379784,0.8259000023826957,1.1553000076673925
51c9ba33,76,5.0,0.01,0,MHE (PCIP+L1AO),iterative-cg1,0.28124635460916697,6.3871314439083315,"single-shooting, smoothing",10,1.0228678348867857,1.0138999787159264,0.06422497185781582,0.8744000224396586,1.2045000330545008
51c9ba33,77,5.0,0.01,0,EKF,,6.268296051811065,6.575216807913098,,,0.13761516967639628,0.13761516967639625,2.7755575615628914e-17,0.13761516967639625,0.13761516967639625
51c9ba33,77,5.0,0.01,0,MHE (OSQP),osqp,0.33250364118611486,6.575216807913098,"single-shooting, smoothing",10,2.9193459743899957,2.9084000270813704,0.04776821868051523,2.8301000129431486,3.119800006970763
51c9ba33,77,5.0,0.01,0,MHE (PCIP),iterative-cg1,0.36698176356663753,6.575216807913098,"single-shooting, smoothing",10,1.0003037337712264,0.9911000088322908,0.06606462122626114,0.8562000002712011,1.1885999701917171
51c9ba33,77,5.0,0.01,0,MHE (PCIP+L1AO),iterative-cg1,0.3556695198481551,6.575216807913098,"single-shooting, smoothing",10,1.0252914393645378,1.0167000000365078,0.06063018468091477,0.8571000071242452,1.1938000097870827
51c9ba33,78,5.0,0.01,0,EKF,,6.30448188029732,6.931539432375878,,,0.1360576846376582,0.1360576846376582,0.0,0.1360576846376582,0.1360576846376582
51c9ba33,78,5.0,0.01,0,MHE (OSQP),osqp,0.3708118865294662,6.931539432375878,"single-shooting, smoothing",10,2.9200795404987687,2.893800032325089,0.07700685480177628,2.8144000098109245,3.17360000917688
51c9ba33,78,5.0,0.01,0,MHE (PCIP),iterative-cg1,0.39894688753675306,6.931539432375878,"single-shooting, smoothing",10,0.9915745218240927,0.9874000097624958,0.05839063049208712,0.8502000127919018,1.158399973064661
51c9ba33,78,5.0,0.01,0,MHE (PCIP+L1AO),iterative-cg1,0.3550716572818762,6.931539432375878,"single-shooting, smoothing",10,1.0097959737137545,1.0036499879788607,0.06794940276875512,0.844599970150739,1.2069999938830733
51c9ba33,79,5.0,0.01,0,EKF,,6.29403112358854,6.999817415728264,,,0.13696167668227305,0.13696167668227308,2.7755575615628914e-17,0.13696167668227308,0.13696167668227308
51c9ba33,79,5.0,0.01,0,MHE (OSQP),osqp,nan,nan,"single-shooting, smoothing",10,3.021683331878324,2.9741999751422554,0.5391311576487514,1.6698000254109502,4.455799993593246
51c9ba33,79,5.0,0.01,0,MHE (PCIP),iterative-cg1,nan,nan,"single-shooting, smoothing",10,1.8631186887556326,1.854550006100908,0.07124432912114632,1.7089000320993364,2.0727000082843006
51c9ba33,79,5.0,0.01,0,MHE (PCIP+L1AO),iterative-cg1,nan,nan,"single-shooting, smoothing",10,2.9810169470985817,2.975699957460165,0.06604663656417767,2.8312999638728797,3.180700005032122
51c9ba33,80,5.0,0.01,0,EKF,,6.309931928311426,6.96319142260461,,,0.13587365269441595,0.13587365269441595,0.0,0.13587365269441595,0.13587365269441595
51c9ba33,80,5.0,0.01,0,MHE (OSQP),osqp,0.293196669703293,6.96319142260461,"single-shooting, smoothing",10,2.8719943487577377,2.864799986127764,0.0377155412193515,2.752700005657971,3.008500032592565
51c9ba33,80,5.0,0.01,0,MHE (PCIP),iterative-cg1,0.374553626278704,6.96319142260461,"single-shooting, smoothing",10,0.9998951797457548,0.9948000079020858,0.05854410054571255,0.8565000025555491,1.165200024843216
51c9ba33,80,5.0,0.01,0,MHE (PCIP+L1AO),iterative-cg1,0.3076433993830421,6.96319142260461,"single-shooting, smoothing",10,1.0297494765714716,1.02680001873523,0.06149415426132888,0.9060999727807939,1.2066999915987253
51c9ba33,81,5.0,0.01,0,EKF,,6.27056666441433,6.366798332182902,,,0.137870259464025,0.137870259464025,0.0,0.137870259464025,0.137870259464025
51c9ba33,81,5.0,0.01,0,MHE (OSQP),osqp,0.4343088794105861,6.161633978111933,"single-shooting, smoothing",10,2.8988662912259193,2.894399978686124,0.03233094723521131,2.813300001434982,2.9904000111855567
51c9ba33,81,5.0,0.01,0,MHE (PCIP),iterative-cg1,0.32642388547165757,6.161633978111933,"single-shooting, smoothing",10,1.0068974510327597,0.9987000375986099,0.09018993754058169,0.7628999883309007,1.2530999956652522
51c9ba33,81,5.0,0.01,0,MHE (PCIP+L1AO),iterative-cg1,0.31467616283118244,6.161633978111933,"single-shooting, smoothing",10,1.0244997882431275,1.0181000106967986,0.06322816429984228,0.8765999809838831,1.2011000071652234
51c9ba33,82,5.0,0.01,0,EKF,,nan,nan,,,0.1423730538877288,0.14237305388772886,5.551115123125783e-17,0.14237305388772886,0.14237305388772886
51c9ba33,82,5.0,0.01,0,MHE (OSQP),osqp,nan,nan,"single-shooting, smoothing",10,2.818379070620637,2.9001000220887363,0.6449542814637504,1.0387999936938286,4.2304000235162675
51c9ba33,82,5.0,0.01,0,MHE (PCIP),iterative-cg1,nan,nan,"single-shooting, smoothing",10,1.0219333319885966,1.0140000085812062,0.08682438531564168,0.8175999973900616,1.2467000051401556
51c9ba33,82,5.0,0.01,0,MHE (PCIP+L1AO),iterative-cg1,nan,nan,"single-shooting, smoothing",10,2.9567280852181734,2.948799985460937,0.07280457765388404,2.7415999793447554,3.165600006468594
51c9ba33,83,5.0,0.01,0,EKF,,6.286663681757333,6.646991790468849,,,0.13857385229148317,0.13857385229148314,2.7755575615628914e-17,0.13857385229148314,0.13857385229148314
51c9ba33,83,5.0,0.01,0,MHE (OSQP),osqp,0.2972143260284591,6.646991790468849,"single-shooting, smoothing",10,2.878401399560768,2.873699995689094,0.031671140426038316,2.8155000181868672,2.978099975734949
51c9ba33,83,5.0,0.01,0,MHE (PCIP),iterative-cg1,0.29744538222316647,6.646991790468849,"single-shooting, smoothing",10,0.9831683643482578,0.9801999549381435,0.06344379106149907,0.8155999821610749,1.1638000141829252
51c9ba33,83,5.0,0.01,0,MHE (PCIP+L1AO),iterative-cg1,0.24590911649287756,6.646991790468849,"single-shooting, smoothing",10,1.025154026816165,1.0208000312559307,0.061088190996830126,0.8883000118657947,1.2043999740853906
51c9ba33,84,5.0,0.01,0,EKF,,6.307411904808871,6.879699880537838,,,0.13671596808741965,0.13671596808741965,0.0,0.13671596808741965,0.13671596808741965
51c9ba33,84,5.0,0.01,0,MHE (OSQP),osqp,2.6870053117672925,6.879699880537838,"single-shooting, smoothing",10,3.1679662328023963,2.9090500029269606,0.4861434411200347,2.0637999987229705,4.743799974676222
51c9ba33,84,5.0,0.01,0,MHE (PCIP),iterative-cg1,0.3843550728548559,6.879699880537838,"single-shooting, smoothing",10,1.0006729403636703,0.9964000200852752,0.059699428733207695,0.8746999665163457,1.1743999784812331
51c9ba33,84,5.0,0.01,0,MHE (PCIP+L1AO),iterative-cg1,0.30514093632132777,6.879699880537838,"single-shooting, smoothing",10,1.0306738575206247,1.0241999989375472,0.07514591257612349,0.8619000436738133,1.2521000462584198
51c9ba33,85,5.0,0.01,0,EKF,,6.267428173664519,6.361798194273118,,,0.13898582833943646,0.1389858283394364,5.551115123125783e-17,0.1389858283394364,0.1389858283394364
51c9ba33,85,5.0,0.01,0,MHE (OSQP),osqp,0.28318980350125106,6.361798194273118,"single-shooting, smoothing",10,2.897008411394798,2.8845499909948558,0.05265380891426076,2.759199996944517,3.05649999063462
51c9ba33,85,5.0,0.01,0,MHE (PCIP),iterative-cg1,0.39356624438137766,6.361798194273118,"single-shooting, smoothing",10,0.9798685425873069,0.9748500015120953,0.05754797628429041,0.8242999901995063,1.1317000025883317
51c9ba33,85,5.0,0.01,0,MHE (PCIP+L1AO),iterative-cg1,0.37709422475652266,6.361798194273118,"single-shooting, smoothing",10,1.0249896034048465,1.020000025164336,0.06252185097708712,0.8551999926567078,1.1987999896518886
51c9ba33,86,5.0,0.01,0,EKF,,6.2894858765807795,6.772262656002118,,,0.13699161679764646,0.1369916167976465,2.7755575615628914e-17,0.1369916167976465,0.1369916167976465
51c9ba33,86,5.0,0.01,0,MHE (OSQP),osqp,0.4374039483772263,6.772262656002118,"single-shooting, smoothing",10,3.0451325939487077,3.0160999740473926,0.19259267767372554,2.5080000050365925,3.6622000043280423
51c9ba33,86,5.0,0.01,0,MHE (PCIP),iterative-cg1,0.3244506329481763,6.772262656002118,"single-shooting, smoothing",10,1.0217502153610467,1.015100016957149,0.08414648300510932,0.7882000063546002,1.2687999987974763
51c9ba33,86,5.0,0.01,0,MHE (PCIP+L1AO),iterative-cg1,0.3647940938880013,6.772262656002118,"single-shooting, smoothing",10,1.035918030508089,1.0299999848939478,0.06252398597211038,0.8874000050127506,1.20749999769032
51c9ba33,87,5.0,0.01,0,EKF,,35144.3730342872,45891.304991697834,,,0.13763333337117514,0.13763333337117514,0.0,0.13763333337117514,0.13763333337117514
51c9ba33,87,5.0,0.01,0,MHE (OSQP),osqp,2.5039631533156195,8.705362474058003,"single-shooting, smoothing",10,3.1056658304901053,2.9010999714955688,0.3978518750392859,2.4375999928452075,4.334199998993427
51c9ba33,87,5.0,0.01,0,MHE (PCIP),iterative-cg1,nan,nan,"single-shooting, smoothing",10,1.8479389018770351,1.840700046159327,0.06641675246436905,1.714399957563728,2.0457999780774117
51c9ba33,87,5.0,0.01,0,MHE (PCIP+L1AO),iterative-cg1,nan,nan,"single-shooting, smoothing",10,2.971797029050943,2.9640000429935753,0.07756297020214499,2.7683000080287457,3.203700005542487
51c9ba33,88,5.0,0.01,0,EKF,,6.306156145138994,6.645194482590775,,,0.13631956090410788,0.13631956090410788,0.0,0.13631956090410788,0.13631956090410788
51c9ba33,88,5.0,0.01,0,MHE (OSQP),osqp,0.45620064989172315,6.644397431184976,"single-shooting, smoothing",10,2.9074061803558786,2.8923999634571373,0.056228133748320384,2.781399991363287,3.0804999987594783
51c9ba33,88,5.0,0.01,0,MHE (PCIP),iterative-cg1,0.3915878886044771,6.644397431184976,"single-shooting, smoothing",10,0.988030269919916,0.9845999884419143,0.05996037336494718,0.8525000303052366,1.1628000065684319
51c9ba33,88,5.0,0.01,0,MHE (PCIP+L1AO),iterative-cg1,0.36094955756097313,6.644397431184976,"single-shooting, smoothing",10,1.02146582325276,1.0103000095114112,0.06480063061553348,0.8413000032305717,1.20160001097247
51c9ba33,89,5.0,0.01,0,EKF,,6.288799485051687,6.393172708613261,,,0.1365449101786815,0.1365449101786815,0.0,0.1365449101786815,0.1365449101786815
51c9ba33,89,5.0,0.01,0,MHE (OSQP),osqp,0.3479203834478902,6.3831211754646215,"single-shooting, smoothing",10,2.8897624717784502,2.8850000235252082,0.03323614589300319,2.8067000093869865,2.9956999933347106
51c9ba33,89,5.0,0.01,0,MHE (PCIP),iterative-cg1,0.2984518487367666,6.3831211754646215,"single-shooting, smoothing",10,0.9813904661144588,0.978449999820441,0.056928603295123434,0.8424000116065145,1.1359999771229923
51c9ba33,89,5.0,0.01,0,MHE (PCIP+L1AO),iterative-cg1,0.28390873313228693,6.3831211754646215,"single-shooting, smoothing",10,1.0068447241669654,0.9966500219888985,0.06423569359752093,0.8410000009462237,1.1903000413440168
51c9ba33,90,5.0,0.01,0,EKF,,6.294214586414816,7.095042911044192,,,0.13594391212952947,0.13594391212952947,0.0,0.13594391212952947,0.13594391212952947
51c9ba33,90,5.0,0.01,0,MHE (OSQP),osqp,0.37772621903695547,7.095042911044192,"single-shooting, smoothing",10,2.90642114966337,2.9008000274188817,0.03203080715978633,2.830800018273294,3.0079999705776572
51c9ba33,90,5.0,0.01,0,MHE (PCIP),iterative-cg1,0.3908908099849902,7.095042911044192,"single-shooting, smoothing",10,0.9943663827490379,0.9916000126395375,0.060895582945126675,0.8459000382572412,1.1685999925248325
51c9ba33,90,5.0,0.01,0,MHE (PCIP+L1AO),iterative-cg1,0.3043959656501758,7.095042911044192,"single-shooting, smoothing",10,1.0084054863349563,1.0054000013042241,0.06177319600829305,0.8692999836057425,1.1956999660469592
51c9ba33,91,5.0,0.01,0,EKF,,6.33140135779354,7.512863259868941,,,0.13882375241883715,0.1388237524188371,5.551115123125783e-17,0.1388237524188371,0.1388237524188371
51c9ba33,91,5.0,0.01,0,MHE (OSQP),osqp,0.5178733479353714,7.512863259868941,"single-shooting, smoothing",10,3.019595227140764,2.902950014686212,0.26419917203537135,2.3450999869965017,3.8848999538458884
51c9ba33,91,5.0,0.01,0,MHE (PCIP),iterative-cg1,0.5813235775271002,7.512863259868941,"single-shooting, smoothing",10,0.9969623431087974,0.9936499991454184,0.06003094492743907,0.847299990709871,1.1690999963320792
51c9ba33,91,5.0,0.01,0,MHE (PCIP+L1AO),iterative-cg1,0.41485305969414493,7.512863259868941,"single-shooting, smoothing",10,1.0181918394923304,1.0094000026583672,0.0654006472209838,0.8421000093221664,1.202800020109862
51c9ba33,92,5.0,0.01,0,EKF,,6.26820619963444,6.603892385180618,,,0.139626746503692,0.139626746503692,0.0,0.139626746503692,0.139626746503692
51c9ba33,92,5.0,0.01,0,MHE (OSQP),osqp,0.8875017468229593,6.603892385180618,"single-shooting, smoothing",10,2.9055976029150457,2.895499987062067,0.04031936526304406,2.8288000030443072,3.0382000259123743
51c9ba33,92,5.0,0.01,0,MHE (PCIP),iterative-cg1,0.47090162256064927,6.603892385180618,"single-shooting, smoothing",10,1.0052467401534237,0.9998500172514468,0.07591898718150737,0.811200006864965,1.2218999909237027
51c9ba33,92,5.0,0.01,0,MHE (PCIP+L1AO),iterative-cg1,0.32996067749243224,6.603892385180618,"single-shooting, smoothing",10,1.0173488444935694,1.0151999886147678,0.06087427414434437,0.8613999816589057,1.185900007840246
51c9ba33,93,5.0,0.01,0,EKF,,6.285819608553921,6.793069782444649,,,0.14783353291492823,0.14783353291492826,2.7755575615628914e-17,0.14783353291492826,0.14783353291492826
51c9ba33,93,5.0,0.01,0,MHE (OSQP),osqp,0.9903870509238728,6.793069782444649,"single-shooting, smoothing",10,2.8815728563737744,2.8756999818142503,0.03776192683529736,2.8070000116713345,3.0186999938450754
51c9ba33,93,5.0,0.01,0,MHE (PCIP),iterative-cg1,0.3470289290052939,6.793069782444649,"single-shooting, smoothing",10,0.9881907364500588,0.9809000184759498,0.06513162776396834,0.8498000097461045,1.1721999617293477
51c9ba33,93,5.0,0.01,0,MHE (PCIP+L1AO),iterative-cg1,0.3190450254204514,6.793069782444649,"single-shooting, smoothing",10,1.0282903356465878,1.0195999930147082,0.06993682705270697,0.8673000265844166,1.2301999959163368
51c9ba33,94,5.0,0.01,0,EKF,,6.291401501069755,6.55502020311815,,,0.13752115768159248,0.1375211576815925,2.7755575615628914e-17,0.1375211576815925,0.1375211576815925
51c9ba33,94,5.0,0.01,0,MHE (OSQP),osqp,0.3276363068580154,6.55502020311815,"single-shooting, smoothing",10,2.9008849310001876,2.8950500127393752,0.035039844572352014,2.8108000406064093,3.003499994520098
51c9ba33,94,5.0,0.01,0,MHE (PCIP),iterative-cg1,0.3449860829108324,6.55502020311815,"single-shooting, smoothing",10,0.9926416490071436,0.985699996817857,0.06001750092121148,0.8519000257365406,1.1642000172287226
51c9ba33,94,5.0,0.01,0,MHE (PCIP+L1AO),iterative-cg1,0.3513475438387918,6.55502020311815,"single-shooting, smoothing",10,1.0186817622216384,1.0130999726243317,0.06026278027651935,0.8742999634705484,1.1778000043705106
51c9ba33,95,5.0,0.01,0,EKF,,6.269630298347016,6.4425750715415155,,,0.13749700603344867,0.1374970060334487,2.7755575615628914e-17,0.1374970060334487,0.1374970060334487
51c9ba33,95,5.0,0.01,0,MHE (OSQP),osqp,0.34296342244391237,6.4425750715415155,"single-shooting, smoothing",10,2.892258563709523,2.8861500322818756,0.03966225857572321,2.8067000093869865,3.029300016351044
51c9ba33,95,5.0,0.01,0,MHE (PCIP),iterative-cg1,0.42685172097574026,6.4425750715415155,"single-shooting, smoothing",10,0.985604411400972,0.977699994109571,0.06509728905706194,0.8480999968014657,1.1718000168912113
51c9ba33,95,5.0,0.01,0,MHE (PCIP+L1AO),iterative-cg1,0.3941792014252991,6.4425750715415155,"single-shooting, smoothing",10,1.0134513989361305,1.0064999805763364,0.0680411290610307,0.8061999687924981,1.2233000015839934
51c9ba33,96,5.0,0.01,0,EKF,,6.305632085936625,6.6129978853307625,,,0.1391433134067157,0.13914331340671568,2.7755575615628914e-17,0.13914331340671568,0.13914331340671568
51c9ba33,96,5.0,0.01,0,MHE (OSQP),osqp,0.33122293938366154,6.6129978853307625,"single-shooting, smoothing",10,2.8796317670768237,2.8738999972119927,0.03724280632317422,2.803600043989718,2.9969000024721026
51c9ba33,96,5.0,0.01,0,MHE (PCIP),iterative-cg1,0.3101262468013562,6.6129978853307625,"single-shooting, smoothing",10,1.0053340949238183,1.0022000060416758,0.06206974640706007,0.8279000176116824,1.179399958346039
51c9ba33,96,5.0,0.01,0,MHE (PCIP+L1AO),iterative-cg1,0.25236915829012746,6.6129978853307625,"single-shooting, smoothing",10,1.0069597488565984,1.0034000151790679,0.06391089657980578,0.8412000024691224,1.1921999976038933
51c9ba33,97,5.0,0.01,0,EKF,,6.2676975422783405,6.57496870951442,,,0.13644271460501198,0.13644271460501198,0.0,0.13644271460501198,0.13644271460501198
51c9ba33,97,5.0,0.01,0,MHE (OSQP),osqp,0.3297575927954146,6.57496870951442,"single-shooting, smoothing",10,2.9191796927937905,2.8945000376552343,0.08507878832795995,2.8091000276617706,3.2796000014059246
51c9ba33,97,5.0,0.01,0,MHE (PCIP),iterative-cg1,0.3298348000915081,6.57496870951442,"single-shooting, smoothing",10,0.9934331907177384,0.98819998675026,0.058811485619976504,0.8625999907962978,1.1629999498836696
51c9ba33,97,5.0,0.01,0,MHE (PCIP+L1AO),iterative-cg1,0.26505147112599253,6.57496870951442,"single-shooting, smoothing",10,1.0103675736276099,1.0058500047307462,0.06456043168694323,0.8476999937556684,1.18680001469329
51c9ba33,98,5.0,0.01,0,EKF,,6.287954634617919,6.418043680213706,,,0.13929141716503657,0.13929141716503662,5.551115123125783e-17,0.13929141716503662,0.13929141716503662
51c9ba33,98,5.0,0.01,0,MHE (OSQP),osqp,0.5885350534505749,6.407467460235444,"single-shooting, smoothing",10,2.8940139573335952,2.888799994252622,0.03397670223676335,2.822200010996312,2.995300048496574
51c9ba33,98,5.0,0.01,0,MHE (PCIP),iterative-cg1,0.37899188369691145,6.407467460235444,"single-shooting, smoothing",10,0.9723220321929903,0.9691499872133136,0.06176648458239981,0.8476999937556684,1.147999952081591
51c9ba33,98,5.0,0.01,0,MHE (PCIP+L1AO),iterative-cg1,0.330391297573998,6.407467460235444,"single-shooting, smoothing",10,1.0122136638536432,1.0107000125572085,0.05984487507234726,0.8770999847911298,1.180600025691092
51c9ba33,99,5.0,0.01,0,EKF,,6.277086441391852,6.631923040678273,,,0.13819860272154116,0.13819860272154122,5.551115123125783e-17,0.13819860272154122,0.13819860272154122
51c9ba33,99,5.0,0.01,0,MHE (OSQP),osqp,0.4657885011663843,6.631923040678273,"single-shooting, smoothing",10,2.92989796323057,2.9142500134184957,0.05728470080506655,2.8282999992370605,3.102299990132451
51c9ba33,99,5.0,0.01,0,MHE (PCIP),iterative-cg1,0.322794653972622,6.631923040678273,"single-shooting, smoothing",10,0.9851734037511051,0.981249992037192,0.060520697377281774,0.8209999650716782,1.1580000282265246
51c9ba33,99,5.0,0.01,0,MHE (PCIP+L1AO),iterative-cg1,0.2672859101999021,6.631923040678273,"single-shooting, smoothing",10,1.004671725263459,1.000799995381385,0.06006764110902442,0.8482999983243644,1.1816999758593738
51c9ba33,100,5.0,0.01,0,EKF,,6.2878261424743105,6.800413165887489,,,0.13628103800523217,0.13628103800523217,0.0,0.13628103800523217,0.13628103800523217
51c9ba33,100,5.0,0.01,0,MHE (OSQP),osqp,0.2800672008039665,6.800413165887489,"single-shooting, smoothing",10,2.99432279797519,2.9681000160053372,0.08983325073737643,2.7218000032007694,3.2815999584272504
51c9ba33,100,5.0,0.01,0,MHE (PCIP),iterative-cg1,0.44157952379472687,6.800413165887489,"single-shooting, smoothing",10,0.9826588216472512,0.9800500120036304,0.060485003858686416,0.8134999661706388,1.1543000000528991
51c9ba33,100,5.0,0.01,0,MHE (PCIP+L1AO),iterative-cg1,0.4572939504318405,6.800413165887489,"single-shooting, smoothing",10,1.0082635027454687,1.0062500077765435,0.057460421323481614,0.8675000281073153,1.1784000089392066
